Vector Kr : 
46
202
25
114
250
152
36
163
115
107
108
2
135
24
233
202
10
227
7
239
116
96
142
30
98
63
248
76
72
145
20
192
205
188
57
83
4
86
14
219
105
134
104
244
52
73
159
40
113
169
157
36
171
12
65
112
242
168
90
126
98
157
27
179
205
66
11
239
35
183
15
168
132
103
95
47
122
8
98
58
108
181
9
13
211
120
84
198
23
157
214
160
129
236
165
24
67
17
152
124
14
228
217
77
224
171
242
198
108
198
200
167
179
109
109
68
229
250
204
148
251
201
51
200
141
132
33
59
233
126
65
229
139
74
232
198
30
197
86
151
234
20
251
70
84
107
184
30
57
28
154
113
160
169
91
10
89
181
115
107
8
209
221
251
235
52
122
90
210
223
17
35
10
87
38
44
197
99
178
46
33
125
124
11
83
211
7
89
40
77
172
19
93
106
190
134
131
160
28
143
126
247
186
78
238
244
117
114
85
223
61
84
50
156
125
35
71
88
234
206
148
221
43
231
203
46
55
41
28
188
229
236
40
97
50
17
252
35
113
62
5
76
77
190
91
176
112
11
81
181
155
136
125
159
29
19
4
23
58
77
0
73
22
40
160
26
251
224
175
57
138
10
99
47
90
143
206
232
126
215
12
83
171
124
110
175
206
240
182
227
145
205
170
113
64
174
54
28
183
Vector Kc : 
6
175
170
65
232
239
238
225
101
181
2
45
135
235
147
189
26
70
178
230
198
11
67
210
45
46
178
140
182
218
137
188
195
0
13
18
198
194
67
11
49
239
255
92
254
13
83
153
156
209
171
23
111
13
208
41
57
116
7
217
191
198
106
26
129
65
185
72
193
241
177
124
248
183
106
174
156
11
235
41
41
26
164
69
66
135
229
114
223
42
124
238
55
38
80
24
82
78
232
247
126
172
85
27
57
244
39
42
145
38
220
219
13
108
253
153
120
15
33
44
191
68
229
90
52
146
36
8
59
30
221
1
3
152
114
148
2
2
33
169
116
182
7
229
235
110
105
254
140
122
64
203
252
15
111
114
56
183
187
82
57
166
101
167
118
215
231
72
ITER_MAX : 
1
